  0   292.0000   495.0000     0    0 
  1   298.0000   427.0000   700    1     16  14  30  0 
  2   309.0000   445.0000   400    3     11   8  31  0      9   7  34  0     15   8  34  1 
  3   307.0000   464.0000   400    1      9   8  32  0 
  4   336.0000   475.0000  1200    3     18  13  13  0     17   9  14  1     16   7  14  1 
  5   320.0000   439.0000    40    3     17  11  32  0      9  12  24  0     16   6  17  0 
  6   321.0000   437.0000    80    2     16  10  28  0     10  13  19  1 
  7   322.0000   437.0000  2000    2      8  13  31  0     14   5  16  0 
  8   323.0000   433.0000   900    3     12  12  16  0     11   8  17  0     17   6  26  1 
  9   324.0000   433.0000   600    1     12   8  17  0 
 10   323.0000   429.0000   750   2     15   6  14  0     13   8  23  1 
 11   314.0000   435.0000  1500   1     15  13  32  0 
 12   311.0000   442.0000   150   1      9  14  14  0 
 13   304.0000   427.0000   250   2     14  12  13  0     14  15  22  1 
 14   293.0000   421.0000  1600   1      8   5  28  0 
 15   296.0000   418.0000   450   3     16  11  27  0     18   5  33  1     15   8  21  1 
 16   261.0000   384.0000   700   3     18  11  22  0     13  10  30  0      6   7  16  0 
 17   297.0000   410.0000   550   2     12  11  27  0     10   9  19  0 
 18   315.0000   407.0000   650   1     10  12  36  0 
 19   314.0000   406.0000   200   2     16  14  16  0      8   8  30  0 
 20   321.0000   391.0000   400   1     14  10  18  0 
 21   321.0000   398.0000   300   2     12  13  22  0     14   7  19  0 
 22   314.0000   394.0000  1300   1      9  14  32  0 
 23   313.0000   378.0000   700   2     12  10  34  0     16  11  23  0 
 24   304.0000   382.0000   750   2     15   8  23  0     16   8  24  1 
 25   295.0000   402.0000  1400   2     10  12  35  1     17   7  26  1 
 26   283.0000   406.0000  4000   3     11  10  35  0      9  10  31  0     13  12  14  0 
 27   279.0000   399.0000   600   3     12  12  22  0     13   6  17  0      8  13  21  1 
 28   271.0000   401.0000  1000   3     14   8  23  0     14  11  16  0      8   5  21  0 
 29   264.0000   414.0000   500   3     14   9  13  0     10   6  22  0     16  13  17  1 
 30   277.0000   439.0000  2500   3     13   6  27  0     13  15  13  1      7  11  26  1 
 31   290.0000   434.0000  1700   3     17  11  32  0     15  10  25  0      8  12  35  0 
 32   319.0000   433.0000  1100   3     13  13  14  0     12   7  17  0     18   6  28  1 
