  0    30.0000    40.0000     0    0 
  1    37.0000    52.0000     7    1     11  11  22  0 
  2    49.0000    49.0000    30    2     10   7  29  0     12   5  26  1 
  3    52.0000    64.0000    16    2     14  13  29  0      8   8  22  1 
  4    20.0000    26.0000     9    2     11  13  31  0     13   6  18  1 
  5    40.0000    30.0000    21    1     18  12  33  0 
  6    21.0000    47.0000    15    3      8  13  20  0      8   8  32  0     12  11  29  1 
  7    17.0000    63.0000    19    2     16   6  13  0     15   6  32  1 
  8    31.0000    62.0000    23    2     14  14  17  0     10  11  21  1 
  9    52.0000    33.0000    11    2     12  15  22  1      6   9  25  1 
 10    51.0000    21.0000     5   1     13   8  19  0 
 11    42.0000    41.0000    19   1      6  11  21  0 
 12    31.0000    32.0000    29   2     15  12  28  0      7  14  15  1 
 13     5.0000    25.0000    23   2     14   9  23  0      9   9  34  1 
 14    12.0000    42.0000    21   2     13   6  27  0     14  10  35  1 
 15    36.0000    16.0000    10   1     18  14  13  0 
