  0    40.0000    40.0000     0    0 
  1    22.0000    22.0000    18    1     13   7  13  0 
  2    36.0000    26.0000    26    3     14  12  30  0     12   8  28  0      8   8  29  0 
  3    21.0000    45.0000    11    1     16   7  21  0 
  4    45.0000    35.0000    30    1     15   5  15  0 
  5    55.0000    20.0000    21    2      7   7  19  0     16   7  27  1 
  6    33.0000    34.0000    19    2      9   5  28  0      6  11  14  0 
  7    50.0000    50.0000    15    3     11  14  23  0      6  13  30  0     17  15  22  1 
  8    55.0000    45.0000    16    2     10  13  30  0     17   5  13  0 
  9    26.0000    59.0000    29    1     10   6  19  0 
 10    40.0000    66.0000    26   3     10  14  30  0     15  13  19  0     16  10  16  1 
 11    55.0000    65.0000    37   1     14   8  30  0 
 12    35.0000    51.0000    16   3     17  10  29  0     10  14  22  0     10   8  27  0 
 13    62.0000    35.0000    12   3      8   9  30  0      7  15  14  0     10   7  14  0 
 14    62.0000    57.0000    31   1     13   7  34  1 
 15    62.0000    24.0000     8   2     16   7  34  0     15   7  13  0 
 16    21.0000    36.0000    19   1     15   6  32  1 
 17    33.0000    44.0000    20   2     15   8  27  0     14   8  16  0 
 18     9.0000    56.0000    13   1     16  15  19  0 
 19    62.0000    48.0000    15   2     11  10  26  0     13  10  20  0 
 20    66.0000    14.0000    22   2      8   6  26  0     15  11  25  1 
 21    44.0000    13.0000    28   1     11  12  35  1 
 22    26.0000    13.0000    12   1      7   6  25  0 
 23    11.0000    28.0000     6   3     14  10  29  0     17   7  20  0     12   8  12  0 
 24     7.0000    43.0000    27   1      6  14  35  0 
 25    17.0000    64.0000    14   3      9   6  35  0     14   6  17  0     10   9  27  1 
 26    41.0000    46.0000    18   3     10  13  34  0     11   9  22  0      6   7  29  0 
 27    55.0000    34.0000    17   2     17   9  35  0     16  10  32  1 
 28    35.0000    16.0000    29   1     10  11  24  1 
 29    52.0000    26.0000    13   3     15  12  26  0      8   6  16  0      6   8  14  0 
 30    43.0000    26.0000    22   2     11  11  27  0      7   9  15  0 
 31    31.0000    76.0000    25   3      8  10  33  0      9   7  28  0     15  11  14  1 
 32    22.0000    53.0000    28   2     16  11  33  0     16   6  21  1 
 33    26.0000    29.0000    27   2      9  15  27  0     15   9  24  0 
 34    50.0000    40.0000    19   1      9  11  24  0 
 35    55.0000    50.0000    10   2     17  15  15  0     10  14  17  1 
 36    54.0000    10.0000    12   1      9  15  19  0 
 37    60.0000    15.0000    14   3     16   8  34  0      8  10  12  0      7   6  14  1 
 38    47.0000    66.0000    24   3     10  14  20  0     10  12  18  0      9   6  35  1 
 39    30.0000    60.0000    16   2     12  13  18  0      9   6  15  0 
 40    30.0000    50.0000    33   2     16   6  21  0      7   9  28  1 
 41    12.0000    17.0000    15   3     12   8  26  0     14   9  31  1     10  13  29  1 
 42    15.0000    14.0000    11   1     15   7  33  0 
 43    16.0000    19.0000    18   1      9  15  27  0 
 44    21.0000    48.0000    17   3     12  11  21  1      8  10  32  1      9   7  13  1 
 45    50.0000    30.0000    21   3      9  14  31  0     12   8  16  0      8   6  35  1 
 46    51.0000    42.0000    27   2     17  11  34  0     17   7  34  0 
 47    50.0000    15.0000    19   2     13  13  18  0     16   6  30  1 
 48    48.0000    21.0000    20   2     16   8  19  0      9  11  15  0 
 49    12.0000    38.0000     5   1      9   8  21  0 
 50    15.0000    56.0000    22   2      7   9  35  0     14  13  18  1 
 51    29.0000    39.0000    12   1     13   7  35  0 
 52    54.0000    38.0000    19   2     11  12  15  0      7  10  25  0 
 53    55.0000    57.0000    22   3     17  11  31  0     17   7  24  0      9  12  22  0 
 54    67.0000    41.0000    16   3     15  12  18  0     14   5  35  0     13  12  34  1 
 55    10.0000    70.0000     7   2     18  11  34  0     15  10  23  0 
 56     6.0000    25.0000    26   2     11   7  36  0     16   8  20  0 
 57    65.0000    27.0000    14   2     12   8  23  0      7   7  18  0 
 58    40.0000    60.0000    21   3      8  11  35  0     12   5  34  0     18  11  23  1 
 59    70.0000    64.0000    24   3      8  12  29  0     17   6  20  0      7   8  24  0 
 60    64.0000     4.0000    13   1      7   8  16  0 
 61    36.0000     6.0000    15   3      8   7  24  0      9  14  34  1     14  13  17  1 
 62    30.0000    20.0000    18   1      8  12  33  1 
 63    20.0000    30.0000    11   3      8  14  30  0      7  12  31  0      7   7  24  0 
 64    15.0000     5.0000    28   3     10  11  18  0     11   8  13  0     10   6  15  1 
 65    50.0000    70.0000     9   3      7  11  34  0     13  10  16  0      6  12  26  0 
 66    57.0000    72.0000    37   3     18  11  19  0     12  12  13  0     16   9  19  1 
 67    45.0000    42.0000    30   3     15  11  23  0     13   8  17  0      7   8  18  0 
 68    38.0000    33.0000    10   3     18   6  27  0      7  11  22  0     10   6  18  1 
 69    50.0000     4.0000     8   2     10  11  28  0     14  13  26  1 
 70    66.0000     8.0000    11   1     13   8  20  0 
 71    59.0000     5.0000     3   3     13  13  27  0     13  12  21  0      8   5  18  0 
 72    35.0000    60.0000     1   1      7  12  23  0 
 73    27.0000    24.0000     6   1      6   8  18  0 
 74    40.0000    20.0000    10   3     14   9  18  0     18   6  18  1      7   7  22  1 
 75    40.0000    37.0000    20   2      7  10  30  0     13  15  34  1 
