  0    40.0000    40.0000     0    0 
  1    22.0000    22.0000    18    1      8  12  32  0 
  2    36.0000    26.0000    26    2      7   6  35  0      9   6  16  1 
  3    21.0000    45.0000    11    2      8  12  26  0     16   7  26  1 
  4    45.0000    35.0000    30    3     16  10  23  0     12  13  23  0     15   6  32  0 
  5    55.0000    20.0000    21    1     11   6  17  1 
  6    33.0000    34.0000    19    3     13  14  31  0     12  10  14  0      9   8  13  1 
  7    50.0000    50.0000    15    2     14   7  31  0      6  13  28  0 
  8    55.0000    45.0000    16    2     13   8  18  0      9  12  21  1 
  9    26.0000    59.0000    29    1     13  10  25  0 
 10    40.0000    66.0000    26   1     11   8  25  0 
 11    55.0000    65.0000    37   3     17   6  36  0     13   9  17  0     11  12  13  0 
 12    35.0000    51.0000    16   2     12  12  27  0      9   7  23  0 
 13    62.0000    35.0000    12   2     17  12  19  0     11  10  33  0 
 14    62.0000    57.0000    31   1     16   9  12  0 
 15    62.0000    24.0000     8   1      9  12  34  0 
 16    21.0000    36.0000    19   1     12  10  35  0 
 17    33.0000    44.0000    20   1      9  11  22  0 
 18     9.0000    56.0000    13   1     16  12  31  0 
 19    62.0000    48.0000    15   2     13  14  20  1     11   7  30  1 
 20    66.0000    14.0000    22   3     17   9  36  0      7  10  36  0      8  11  21  0 
 21    44.0000    13.0000    28   3      8  13  26  0     10  12  12  0      8  12  12  0 
 22    26.0000    13.0000    12   1     13  13  20  1 
 23    11.0000    28.0000     6   1      8   9  34  0 
 24     7.0000    43.0000    27   3     16  10  27  0     11  12  12  0      8   7  23  0 
 25    17.0000    64.0000    14   1     13   6  33  0 
 26    41.0000    46.0000    18   3     10  11  30  0     14  10  17  0      6   8  19  1 
 27    55.0000    34.0000    17   3     17   8  28  0      8  14  31  0     11   7  35  0 
 28    35.0000    16.0000    29   2     14  12  21  0     12   5  26  0 
 29    52.0000    26.0000    13   1      7  14  32  0 
 30    43.0000    26.0000    22   2      7  13  34  0     13   8  16  0 
 31    31.0000    76.0000    25   3     16  14  17  0     11  14  24  1      9  10  20  1 
 32    22.0000    53.0000    28   1      7   9  25  0 
 33    26.0000    29.0000    27   3     12  11  31  0      8  12  31  0     13  12  19  0 
 34    50.0000    40.0000    19   3     14  10  35  0     11  13  12  0      6  14  27  1 
 35    55.0000    50.0000    10   2      8  10  26  0      7   6  21  0 
 36    54.0000    10.0000    12   1     11   8  23  1 
 37    60.0000    15.0000    14   2     15  12  35  0     16  11  27  1 
 38    47.0000    66.0000    24   2     15  12  22  0     17  13  17  1 
 39    30.0000    60.0000    16   3     10  10  34  0     10   9  22  0     17   6  25  1 
 40    30.0000    50.0000    33   2     16  12  31  0     17   7  30  0 
 41    12.0000    17.0000    15   1      8  14  28  1 
 42    15.0000    14.0000    11   1      9  10  22  0 
 43    16.0000    19.0000    18   1      8   5  30  0 
 44    21.0000    48.0000    17   3     15  12  31  0     11  12  17  0      8   8  16  0 
 45    50.0000    30.0000    21   3     11  12  25  0     13   9  28  0     12  12  28  1 
 46    51.0000    42.0000    27   3     10  13  19  0      8   7  18  0      9   6  20  1 
 47    50.0000    15.0000    19   3     10   8  24  0     15   6  18  1     10   5  29  1 
 48    48.0000    21.0000    20   3     17  11  21  0     17   9  12  0     10   8  20  1 
 49    12.0000    38.0000     5   3     11   7  30  0      6  12  28  0     11   7  17  0 
 50    15.0000    56.0000    22   3      8  15  36  0     10   9  31  0     11   6  19  0 
 51    29.0000    39.0000    12   2     15  11  19  0     15   6  29  0 
 52    54.0000    38.0000    19   3     13  10  36  0     15  14  17  0     16   9  19  0 
 53    55.0000    57.0000    22   2      7   9  16  0     16   8  36  1 
 54    67.0000    41.0000    16   1     13   9  17  0 
 55    10.0000    70.0000     7   1     13   8  25  1 
 56     6.0000    25.0000    26   3     17  13  16  0     10  13  27  0     10   9  18  1 
 57    65.0000    27.0000    14   3     11  11  22  0     12  10  18  0     10  14  24  1 
 58    40.0000    60.0000    21   2     14  10  30  1      7   7  16  1 
 59    70.0000    64.0000    24   2     13  13  28  0      7   9  19  1 
 60    64.0000     4.0000    13   1     18  11  33  0 
 61    36.0000     6.0000    15   2     15  12  30  0     16  10  34  1 
 62    30.0000    20.0000    18   3      8   9  32  0     14   8  19  0      8   9  14  0 
 63    20.0000    30.0000    11   2     12  11  18  0      7  15  16  0 
 64    15.0000     5.0000    28   2     10  14  23  0     16  12  25  1 
 65    50.0000    70.0000     9   1      9   8  18  0 
 66    57.0000    72.0000    37   3     12  14  34  0      9   8  34  0     10   5  23  0 
 67    45.0000    42.0000    30   2     16   7  35  0      9   5  26  0 
 68    38.0000    33.0000    10   3     16   7  33  0     11   9  16  0      7  13  16  0 
 69    50.0000     4.0000     8   2     16   5  32  0      6  15  21  0 
 70    66.0000     8.0000    11   1     15   6  30  0 
 71    59.0000     5.0000     3   2      9   7  33  0      6   7  12  0 
 72    35.0000    60.0000     1   1      9  10  19  1 
 73    27.0000    24.0000     6   2     17  14  35  0      9  10  24  0 
 74    40.0000    20.0000    10   2     13  13  33  0      6  13  34  0 
 75    40.0000    37.0000    20   1     18   8  33  1 
