  0    30.0000    40.0000     0    0 
  1    52.0000    41.0000    15    1      9   7  24  0 
  2    27.0000    23.0000     3    1     17   7  30  0 
  3    17.0000    33.0000    41    1      7   9  33  0 
  4    13.0000    13.0000     9    3     10  10  34  0     13   7  32  0     17  10  12  0 
  5    57.0000    58.0000    28    1     17  13  33  1 
  6    62.0000    42.0000     8    2     11  12  18  0      9  11  18  1 
  7    42.0000    57.0000     8    2      8  11  36  0     14   7  13  0 
  8    16.0000    57.0000    16    3     17  15  34  0     11  15  27  0     15  12  19  0 
  9     8.0000    52.0000    10    1     18  13  14  0 
 10     7.0000    38.0000    28   1     12  11  17  0 
 11    27.0000    68.0000     7   2      9   8  22  0     13   5  24  1 
 12    30.0000    48.0000    15   1     15   7  12  0 
 13    43.0000    67.0000    14   3     15  14  36  0     15   5  34  0      8  12  25  0 
 14    58.0000    48.0000     6   3     16  13  24  0     11  14  31  0     14   5  19  1 
 15    58.0000    27.0000    19   2     18   8  20  0      9   6  19  0 
 16    37.0000    69.0000    11   1     15  14  36  1 
 17    38.0000    46.0000    12   3     12  11  34  0     12   7  34  0     17   7  13  1 
 18    46.0000    10.0000    23   3     15   9  32  0      7   5  22  0      9  13  35  1 
 19    61.0000    33.0000    26   3     13  13  30  0     11   7  21  0     15   9  33  1 
 20    62.0000    63.0000    17   2      9  13  16  0     13  12  28  1 
 21    63.0000    69.0000     6   1     18   7  34  0 
 22    32.0000    22.0000     9   1     14  11  34  0 
 23    45.0000    35.0000    15   3      8  11  17  0     15  13  33  1     17   7  13  1 
 24    59.0000    15.0000    14   3     11  11  24  0      7   7  19  0      7   9  15  1 
 25     5.0000     6.0000     7   3     16  13  24  0     18  15  13  0     11  12  15  0 
