  0    30.0000    40.0000     0    0 
  1    37.0000    52.0000     7    3     17   9  31  0     16  10  29  0     10   7  15  0 
  2    49.0000    49.0000    30    1     10  14  20  0 
  3    52.0000    64.0000    16    3     17  11  22  0      7  14  28  0     17   5  27  1 
  4    20.0000    26.0000     9    1     11  15  12  0 
  5    40.0000    30.0000    21    2     17   6  35  0      9   6  27  1 
  6    21.0000    47.0000    15    2     10  12  30  0      8   7  30  1 
  7    17.0000    63.0000    19    3     14  13  33  0     13  12  27  0     14  11  24  1 
  8    31.0000    62.0000    23    3     17   5  15  0      8  11  13  0     13  11  16  1 
  9    52.0000    33.0000    11    2     11   5  24  0      6  15  20  1 
 10    51.0000    21.0000     5   3     17   8  17  0      9   6  19  0     12  15  14  1 
 11    42.0000    41.0000    19   2     11  14  32  0     10  11  33  0 
 12    31.0000    32.0000    29   2     15  14  35  0     14   7  34  1 
 13     5.0000    25.0000    23   1     13   7  26  1 
 14    12.0000    42.0000    21   1     11  15  13  1 
 15    36.0000    16.0000    10   2     10   6  32  0      8   8  19  0 
 16    52.0000    41.0000    15   2     10   8  22  1      8   5  28  1 
 17    27.0000    23.0000     3   1     11   7  27  0 
 18    17.0000    33.0000    41   2     16  13  30  0     17   7  33  0 
 19    13.0000    13.0000     9   3     15  13  20  0      9  11  34  0     15   7  30  0 
 20    57.0000    58.0000    28   3     12  13  30  0     10  13  22  1      9  12  15  1 
 21    62.0000    42.0000     8   2      8  14  18  0     13  10  27  1 
 22    42.0000    57.0000     8   2     13  14  18  0     16   8  13  0 
 23    16.0000    57.0000    16   2     16  13  20  0      7  12  34  0 
 24     8.0000    52.0000    10   3     10  10  23  0      9   8  28  0      6   5  17  1 
 25     7.0000    38.0000    28   1      9   9  13  0 
 26    27.0000    68.0000     7   1     12   7  31  1 
 27    30.0000    48.0000    15   1     17  14  27  0 
 28    43.0000    67.0000    14   3     12  13  18  0     14   6  33  0     13   6  22  0 
 29    58.0000    48.0000     6   2     16  14  28  0      8   7  35  0 
 30    58.0000    27.0000    19   3     17   8  30  0      7  13  23  0      9   7  23  0 
 31    37.0000    69.0000    11   1     12   9  33  0 
 32    38.0000    46.0000    12   2     14  11  27  0      7  10  31  0 
 33    46.0000    10.0000    23   1     12  12  15  0 
 34    61.0000    33.0000    26   3     13  10  22  0      7   5  28  0     14   9  34  1 
 35    62.0000    63.0000    17   1      7  14  28  1 
 36    63.0000    69.0000     6   1      7  12  29  0 
 37    32.0000    22.0000     9   3     16  11  30  0     15   8  30  1     14   8  31  1 
 38    45.0000    35.0000    15   1      8  15  16  0 
 39    59.0000    15.0000    14   1      8  10  34  0 
 40     5.0000     6.0000     7   2     15  10  29  0     10   7  17  0 
 41    10.0000    17.0000    27   2     15  15  15  0      7  13  36  1 
 42    21.0000    10.0000    13   2     16  12  16  1      9   9  15  1 
 43     5.0000    64.0000    11   2      8   7  23  0      8   6  20  0 
 44    30.0000    15.0000    16   2     18  12  16  0      8  15  13  0 
 45    39.0000    10.0000    10   3     16  14  14  0     16   5  22  0      7   9  34  1 
 46    32.0000    39.0000     5   1     11  13  16  0 
 47    25.0000    32.0000    25   2     10  12  27  0      8  10  27  0 
 48    25.0000    55.0000    17   1      8   6  23  0 
 49    48.0000    28.0000    18   3     15  11  14  0      6   8  35  0     17   7  12  0 
 50    56.0000    37.0000    10   3     13   5  20  0     16  11  31  1      7   5  28  1 
