  0    35.0000    35.0000     0    0 
  1    41.0000    49.0000    10    3      8   6  32  0     11   8  16  0     10  14  33  1 
  2    35.0000    17.0000     7    1     16  10  28  1 
  3    55.0000    45.0000    13    1     14  13  28  0 
  4    55.0000    20.0000    19    2     14  10  33  0      8   5  19  0 
  5    15.0000    30.0000    26    1      8   9  14  0 
  6    25.0000    30.0000     3    3     17  12  15  0     11  12  31  1     13   8  15  1 
  7    20.0000    50.0000     5    3     15   8  18  0     11   9  12  0      7  14  32  1 
  8    10.0000    43.0000     9    1      8   6  22  0 
  9    55.0000    60.0000    16    1     12   6  21  0 
 10    30.0000    60.0000    16   2     15  14  26  0      7   7  36  1 
 11    20.0000    65.0000    12   1      7   9  12  1 
 12    50.0000    35.0000    19   2     11  15  36  0     16   7  17  0 
 13    30.0000    25.0000    23   3     16  15  26  0     18   7  34  0     14  11  13  0 
 14    15.0000    10.0000    20   3      9  13  13  0     11   6  22  0      6   5  23  0 
 15    30.0000     5.0000     8   3     12  13  21  0      6  14  28  0      7   7  35  0 
 16    10.0000    20.0000    19   2     13  13  30  0      9  15  29  0 
 17     5.0000    30.0000     2   1     17  14  27  0 
 18    20.0000    40.0000    12   3     12  13  15  0      7   5  20  0     17   6  19  1 
 19    15.0000    60.0000    17   1     14   6  32  0 
 20    45.0000    65.0000     9   2     16   6  29  0     10   6  29  0 
 21    45.0000    20.0000    11   1      7   9  23  1 
 22    45.0000    10.0000    18   3     11  14  24  0     12  13  14  0     18   9  24  1 
 23    55.0000     5.0000    29   3     17   8  33  0     12   8  28  0     17  12  13  0 
 24    65.0000    35.0000     3   2     14   9  30  0     17   7  15  0 
 25    65.0000    20.0000     6   2     12  10  32  0      9  13  36  1 
 26    45.0000    30.0000    17   2      8   7  33  0      8   8  14  1 
 27    35.0000    40.0000    16   2     14   5  23  0      8   9  19  1 
 28    41.0000    37.0000    16   3     14  14  29  0     17  15  18  0     13  12  23  0 
 29    64.0000    42.0000     9   1      8   8  25  0 
 30    40.0000    60.0000    21   3     14  13  19  0     12  11  24  0     10   6  26  1 
 31    31.0000    52.0000    27   1     15   5  17  0 
 32    35.0000    69.0000    23   3     14  12  23  0     16  14  16  0     14   7  36  0 
 33    53.0000    52.0000    11   3     14   8  31  0      7   7  27  0      9   9  14  0 
 34    65.0000    55.0000    14   1      8   8  21  0 
 35    63.0000    65.0000     8   3      9  10  36  0     14   8  14  0      6  13  14  0 
 36     2.0000    60.0000     5   3     13  14  25  0     18   7  31  0     12   8  13  1 
 37    20.0000    20.0000     8   1      6   9  33  0 
 38     5.0000     5.0000    16   1     14  12  19  0 
 39    60.0000    12.0000    31   1      7   7  18  0 
 40    40.0000    25.0000     9   2     15  12  22  0     15  14  12  0 
 41    42.0000     7.0000     5   2      8   9  30  0     11  12  14  0 
 42    24.0000    12.0000     5   2     15  14  14  0     14  12  13  1 
 43    23.0000     3.0000     7   3     12   7  35  0      8  12  21  0     15   8  18  1 
 44    11.0000    14.0000    18   2     12  14  19  0     13   6  23  0 
 45     6.0000    38.0000    16   3     17  15  30  0     14   6  29  0     15   5  22  1 
 46     2.0000    48.0000     1   2     12  12  17  0     11   6  22  0 
 47     8.0000    56.0000    27   2     16  12  20  0     17   5  16  0 
 48    13.0000    52.0000    36   3     16  10  33  0     15   6  19  0      8   5  32  0 
 49     6.0000    68.0000    30   3     15  13  20  0     16  12  23  1     17   8  17  1 
 50    47.0000    47.0000    13   2     10   9  28  0     16   9  19  1 
 51    49.0000    58.0000    10   1      8   7  14  1 
 52    27.0000    43.0000     9   1     10  14  27  1 
 53    37.0000    31.0000    14   2     17  10  24  0      8   7  27  0 
 54    57.0000    29.0000    18   2     10  15  29  0      9  13  17  0 
 55    63.0000    23.0000     2   2     14  15  16  0     17   6  28  1 
 56    53.0000    12.0000     6   1     14   9  15  0 
 57    32.0000    12.0000     7   2     10  10  20  0     14   7  28  1 
 58    36.0000    26.0000    18   1      6   9  33  0 
 59    21.0000    24.0000    28   2     15   8  36  0     12  11  20  0 
 60    17.0000    34.0000     3   2     13  12  34  0      9  10  25  0 
 61    12.0000    24.0000    13   3     12   6  27  0      8   7  33  0      8   5  12  1 
 62    24.0000    58.0000    19   3     18  14  27  0     12  14  17  0     15  12  13  0 
 63    27.0000    69.0000    10   3      6  10  19  0      9   6  21  0      6   7  21  0 
 64    15.0000    77.0000     9   3     13   8  24  0     11  15  15  1      8   9  23  1 
 65    62.0000    77.0000    20   3     18  13  32  0     12  13  27  0     11   5  23  0 
 66    49.0000    73.0000    25   3     15  14  23  0      9   8  33  0     18   7  13  0 
 67    67.0000     5.0000    25   3      7  11  27  0     12   9  13  0      9   5  23  0 
 68    56.0000    39.0000    36   1     15   9  20  0 
 69    37.0000    47.0000     6   3     15  13  18  0     17   6  14  0      9   6  23  0 
 70    37.0000    56.0000     5   2      7  10  18  0     14   5  15  1 
 71    57.0000    68.0000    15   1      9   5  36  0 
 72    47.0000    16.0000    25   1     12  12  16  1 
 73    44.0000    17.0000     9   1      7  11  15  0 
 74    46.0000    13.0000     8   2     10  15  31  0      9   9  24  0 
 75    49.0000    11.0000    18   1     15   5  32  1 
 76    49.0000    42.0000    13   3     15   9  34  0     10  12  24  0      7  14  18  0 
 77    53.0000    43.0000    14   1     16  10  31  1 
 78    61.0000    52.0000     3   2     10   6  32  0     14  13  33  1 
 79    57.0000    48.0000    23   1     15  14  27  0 
 80    56.0000    37.0000     6   1     17   7  31  0 
 81    55.0000    54.0000    26   1     15   8  32  0 
 82    15.0000    47.0000    16   1     17  12  21  0 
 83    14.0000    37.0000    11   1     18   8  29  0 
 84    11.0000    31.0000     7   2     13  12  31  0     14  11  18  0 
 85    16.0000    22.0000    41   1      7  11  22  1 
 86     4.0000    18.0000    35   1     14  11  34  0 
 87    28.0000    18.0000    26   1      7  10  18  0 
 88    26.0000    52.0000     9   3     15   8  35  0     16   6  21  0      8   7  30  0 
 89    26.0000    35.0000    15   1     17   7  24  0 
 90    31.0000    67.0000     3   1      8   5  36  0 
 91    15.0000    19.0000     1   3     12  11  32  0     16   8  26  0      8   8  22  0 
 92    22.0000    22.0000     2   3     15  11  32  0     12   8  31  0      7  10  24  1 
 93    18.0000    24.0000    22   1     12   6  27  0 
 94    26.0000    27.0000    27   3      7   8  24  0      8  10  12  0     15  14  31  1 
 95    25.0000    24.0000    20   1      9  13  23  1 
 96    22.0000    27.0000    11   2     15  10  31  0     14   8  13  0 
 97    25.0000    21.0000    12   1     17  12  13  0 
 98    19.0000    21.0000    10   1     12  10  26  0 
 99    20.0000    26.0000     9   1     11   8  20  1 
100    18.0000    18.0000    17  3     18  10  34  0     15   5  18  0      6  13  17  0 
