  0    30.0000    40.0000     0    0 
  1    37.0000    52.0000     7    1      7   5  30  1 
  2    49.0000    49.0000    30    1     15   8  29  1 
  3    52.0000    64.0000    16    2     16  15  33  0      6   5  36  0 
  4    20.0000    26.0000     9    1     17  15  15  0 
  5    40.0000    30.0000    21    2     15   7  13  0      8  10  15  0 
  6    21.0000    47.0000    15    3     12  14  12  0      6  11  27  0     16   9  20  1 
  7    17.0000    63.0000    19    2     10   7  23  0     10   7  21  1 
  8    31.0000    62.0000    23    3     12  14  15  0      7   8  27  0      9   6  31  1 
  9    52.0000    33.0000    11    1     10   7  24  1 
 10    51.0000    21.0000     5   1     14  12  25  0 
 11    42.0000    41.0000    19   3     15  15  31  0     14  13  19  0     10  13  16  0 
 12    31.0000    32.0000    29   3      9   8  31  0     14   7  21  0      7   7  29  0 
 13     5.0000    25.0000    23   3     16  11  34  0     17  13  26  0     11  10  28  0 
 14    12.0000    42.0000    21   3     14  13  27  0     12  11  33  0      8  10  17  0 
 15    36.0000    16.0000    10   3     18  12  33  0      9  12  23  1      9   6  34  1 
