  0    40.0000    40.0000     0    0 
  1    22.0000    22.0000    18    1     14  13  20  0 
  2    36.0000    26.0000    26    1      7   9  34  0 
  3    21.0000    45.0000    11    3     11  10  26  0     17  12  13  0     10   6  22  1 
  4    45.0000    35.0000    30    2      7  15  26  0     15  13  31  1 
  5    55.0000    20.0000    21    2     13  15  16  0     16   7  27  0 
  6    33.0000    34.0000    19    2      9  12  35  0      6  14  30  1 
  7    50.0000    50.0000    15    2     10  11  33  0      7   6  35  0 
  8    55.0000    45.0000    16    1      9  12  22  0 
  9    26.0000    59.0000    29    2     17   6  32  0     10  15  30  1 
 10    40.0000    66.0000    26   2     16  13  14  0     11   9  27  1 
 11    55.0000    65.0000    37   1     11  10  28  0 
 12    35.0000    51.0000    16   2     17  11  19  0     15  14  32  1 
 13    62.0000    35.0000    12   2     10  14  20  0     13   7  18  0 
 14    62.0000    57.0000    31   1     13   8  24  1 
 15    62.0000    24.0000     8   2     17  15  24  1      9  10  32  1 
 16    21.0000    36.0000    19   3     16  15  20  0      9   8  22  0      7   7  22  0 
 17    33.0000    44.0000    20   2     12  11  25  0     11   9  29  0 
 18     9.0000    56.0000    13   2     12  11  24  0      9   9  34  0 
 19    62.0000    48.0000    15   1     15  11  27  0 
 20    66.0000    14.0000    22   2     15  13  34  0     16   8  26  0 
 21    44.0000    13.0000    28   1     10  12  14  1 
 22    26.0000    13.0000    12   3     15  14  29  0      8  14  21  0      9  10  14  0 
 23    11.0000    28.0000     6   2     12  11  21  1     12   6  29  1 
 24     7.0000    43.0000    27   2     13  13  35  0     14  11  27  1 
 25    17.0000    64.0000    14   2     11  11  13  0     10   5  19  1 
 26    41.0000    46.0000    18   2     16  13  28  0      8   6  17  0 
 27    55.0000    34.0000    17   2     14  15  18  0      9   6  28  0 
 28    35.0000    16.0000    29   1     11   6  34  0 
 29    52.0000    26.0000    13   1     11   6  29  0 
 30    43.0000    26.0000    22   3     11  12  36  0     14   8  32  0     15   8  23  0 
 31    31.0000    76.0000    25   2      9  11  19  0     10   8  23  1 
 32    22.0000    53.0000    28   2     11  14  12  0     11   5  18  0 
 33    26.0000    29.0000    27   1     16  12  16  1 
 34    50.0000    40.0000    19   1     11  14  26  1 
 35    55.0000    50.0000    10   2     15  12  18  0     14  14  16  0 
 36    54.0000    10.0000    12   3     14  13  26  0     14  14  24  0      9  15  24  0 
 37    60.0000    15.0000    14   1     16  14  13  0 
 38    47.0000    66.0000    24   2     13  10  27  0     18   8  29  1 
 39    30.0000    60.0000    16   2     13  12  23  0     17   9  21  0 
 40    30.0000    50.0000    33   2      8   9  30  0     14   5  16  0 
 41    12.0000    17.0000    15   3     18   8  25  0     10  10  17  0      7  11  21  0 
 42    15.0000    14.0000    11   3     15  13  35  0     15   7  33  0      8  10  25  0 
 43    16.0000    19.0000    18   1     16  14  17  1 
 44    21.0000    48.0000    17   3     17  13  12  0     13  14  13  0      9   6  25  0 
 45    50.0000    30.0000    21   2     14   7  34  0     12  14  35  1 
 46    51.0000    42.0000    27   2     11  15  19  1      8   8  27  1 
 47    50.0000    15.0000    19   1     10   8  15  0 
 48    48.0000    21.0000    20   2     14  12  27  0      6   8  19  0 
 49    12.0000    38.0000     5   2     11   8  17  0      8  12  13  0 
 50    15.0000    56.0000    22   2     15  14  27  0     12  14  12  0 
 51    29.0000    39.0000    12   1      8   8  20  0 
 52    54.0000    38.0000    19   2      7   8  22  0     14   8  27  1 
 53    55.0000    57.0000    22   1     13  12  34  0 
 54    67.0000    41.0000    16   1     12   5  14  0 
 55    10.0000    70.0000     7   1     15  12  36  0 
 56     6.0000    25.0000    26   2     16  15  32  0      8  13  32  0 
 57    65.0000    27.0000    14   3      9   5  21  0     18   8  35  1     15  11  28  1 
 58    40.0000    60.0000    21   3     12  10  29  0     15   7  32  0      7  12  32  0 
 59    70.0000    64.0000    24   3     13  13  20  0      7  11  27  0     10  15  28  1 
 60    64.0000     4.0000    13   2     17   9  27  0      8   9  17  0 
 61    36.0000     6.0000    15   2     17  13  35  0     13  14  13  1 
 62    30.0000    20.0000    18   1      9  15  20  0 
 63    20.0000    30.0000    11   2     11   8  12  0      9   8  21  1 
 64    15.0000     5.0000    28   1      7  15  20  0 
 65    50.0000    70.0000     9   2     14  14  35  0      7   5  30  0 
 66    57.0000    72.0000    37   2     15   8  29  0     17  13  15  0 
 67    45.0000    42.0000    30   2     13  12  19  0     11   5  23  0 
 68    38.0000    33.0000    10   2     15   8  27  1     10  11  15  1 
 69    50.0000     4.0000     8   3     17   6  18  0      7  12  21  0     12   8  14  0 
 70    66.0000     8.0000    11   3     16  12  31  0     13  12  23  0     12  12  13  0 
 71    59.0000     5.0000     3   3     18  14  23  0     10  13  31  0     17   5  19  1 
 72    35.0000    60.0000     1   3     12  15  29  0     12  13  20  0      7  11  14  0 
 73    27.0000    24.0000     6   3      9   9  14  0     15   8  25  1     14   7  29  1 
 74    40.0000    20.0000    10   2     10   8  13  0      6   8  25  1 
 75    40.0000    37.0000    20   2     15  14  13  0      6   5  20  0 
