  0    40.0000    40.0000     0    0 
  1    22.0000    22.0000    18    1      8   6  14  0 
  2    36.0000    26.0000    26    1      6  14  13  0 
  3    21.0000    45.0000    11    3     10  11  19  0     10  11  12  0     10   9  13  0 
  4    45.0000    35.0000    30    1     15  10  26  0 
  5    55.0000    20.0000    21    2     16  12  32  0     13   9  22  1 
  6    33.0000    34.0000    19    3     17  11  17  0     14  13  13  0     15  12  18  1 
  7    50.0000    50.0000    15    3     18  10  21  0     11   9  32  0     12   7  33  0 
  8    55.0000    45.0000    16    2     18   9  24  0     12   7  23  0 
  9    26.0000    59.0000    29    2      8  11  24  0     13   9  17  1 
 10    40.0000    66.0000    26   2     13   6  16  0      7   6  27  0 
 11    55.0000    65.0000    37   1     17   7  29  0 
 12    35.0000    51.0000    16   1     14   9  21  0 
 13    62.0000    35.0000    12   1      8  12  21  0 
 14    62.0000    57.0000    31   3     12  11  34  0     16  13  31  1     13   7  23  1 
 15    62.0000    24.0000     8   1      9  12  28  0 
 16    21.0000    36.0000    19   3     16  15  35  0     18  14  12  0      6  13  12  0 
 17    33.0000    44.0000    20   1     15   6  31  1 
 18     9.0000    56.0000    13   3     15  12  27  0     16  14  29  1      9   7  20  1 
 19    62.0000    48.0000    15   3     17   8  33  0     11  10  29  0      8  14  22  0 
 20    66.0000    14.0000    22   1     16   7  29  0 
 21    44.0000    13.0000    28   3     13  12  14  0     10  10  21  0     12  11  33  1 
 22    26.0000    13.0000    12   1     13  10  14  1 
 23    11.0000    28.0000     6   1     16  12  24  0 
 24     7.0000    43.0000    27   2     14   8  28  0      7  13  25  0 
 25    17.0000    64.0000    14   1      8   5  34  0 
 26    41.0000    46.0000    18   1     10  15  36  0 
 27    55.0000    34.0000    17   1     14  14  14  1 
 28    35.0000    16.0000    29   3     14  11  30  0     11  14  21  0      7  13  33  0 
 29    52.0000    26.0000    13   1      6  12  33  0 
 30    43.0000    26.0000    22   2      8   9  31  0     18   5  14  0 
 31    31.0000    76.0000    25   1     14   8  26  0 
 32    22.0000    53.0000    28   1      7   7  29  0 
 33    26.0000    29.0000    27   3      7   8  17  0     15  14  15  1      7  14  31  1 
 34    50.0000    40.0000    19   3      7  14  26  0     10  12  16  0     16  14  19  1 
 35    55.0000    50.0000    10   3     12  10  27  0      8  10  32  0     14  15  14  1 
 36    54.0000    10.0000    12   3     13  14  14  0      7   6  27  0      8   6  17  0 
 37    60.0000    15.0000    14   3     13  11  26  0      6   7  14  0     11   9  26  1 
 38    47.0000    66.0000    24   3     15   9  27  0      9   7  34  0      9   6  31  1 
 39    30.0000    60.0000    16   3     13  12  27  0      7  10  21  0     17   6  14  0 
 40    30.0000    50.0000    33   3      9  10  31  0      9  11  28  0      8  12  28  0 
 41    12.0000    17.0000    15   1      7   6  27  1 
 42    15.0000    14.0000    11   2      9   6  22  0      7  14  17  1 
 43    16.0000    19.0000    18   3     17   8  16  0      6   9  30  0      8   5  21  0 
 44    21.0000    48.0000    17   3     12  10  31  0      8  10  22  0      6  12  23  0 
 45    50.0000    30.0000    21   3     13  11  26  0      7  12  24  0     15   9  24  1 
 46    51.0000    42.0000    27   2     11   7  32  0     12   6  14  0 
 47    50.0000    15.0000    19   2     13   6  22  0      7  12  32  1 
 48    48.0000    21.0000    20   2     14   9  19  0      9  11  23  0 
 49    12.0000    38.0000     5   3     16  15  15  0      8   8  14  0     12   8  29  1 
 50    15.0000    56.0000    22   2     11  12  33  0      9   7  22  0 
 51    29.0000    39.0000    12   3     12  10  15  0      7   8  30  0      7   6  25  0 
 52    54.0000    38.0000    19   2     17  12  27  0     15   6  23  0 
 53    55.0000    57.0000    22   1     17   7  36  0 
 54    67.0000    41.0000    16   1     14  12  29  0 
 55    10.0000    70.0000     7   1     12   7  32  1 
 56     6.0000    25.0000    26   1     16  12  30  0 
 57    65.0000    27.0000    14   1     11  15  26  1 
 58    40.0000    60.0000    21   1      8  15  18  0 
 59    70.0000    64.0000    24   1     11  14  31  0 
 60    64.0000     4.0000    13   3      9  13  35  0     15   7  27  0      7   7  25  0 
 61    36.0000     6.0000    15   1     16  13  34  0 
 62    30.0000    20.0000    18   1     10   6  26  1 
 63    20.0000    30.0000    11   2      9  12  32  1      7   7  31  1 
 64    15.0000     5.0000    28   2     12  13  12  0     11  14  26  1 
 65    50.0000    70.0000     9   1     10   6  17  0 
 66    57.0000    72.0000    37   3     11  11  14  0     14  14  22  1     17  15  14  1 
 67    45.0000    42.0000    30   2     15  11  15  0     11   6  30  0 
 68    38.0000    33.0000    10   2     17  10  30  0     11   8  20  0 
 69    50.0000     4.0000     8   1      7   6  33  1 
 70    66.0000     8.0000    11   2     10  13  18  0      9  11  35  1 
 71    59.0000     5.0000     3   1     12   7  14  0 
 72    35.0000    60.0000     1   2     16  10  36  0     13   7  29  0 
 73    27.0000    24.0000     6   3     10  10  22  0     12  11  34  1      6   6  30  1 
 74    40.0000    20.0000    10   1     12  14  16  0 
 75    40.0000    37.0000    20   1      9   8  20  0 
