  0    40.0000    40.0000     0    0 
  1    22.0000    22.0000    18    2     11  11  23  0     15   5  32  0 
  2    36.0000    26.0000    26    3     18  14  18  0     11  14  18  0      8  13  26  1 
  3    21.0000    45.0000    11    1     11  14  30  0 
  4    45.0000    35.0000    30    3     16   5  26  0      8   6  24  0     17  13  30  1 
  5    55.0000    20.0000    21    2      7  13  30  0      6   5  35  0 
  6    33.0000    34.0000    19    3      7  10  33  0     16   6  36  1     13   8  29  1 
  7    50.0000    50.0000    15    1      7   6  35  0 
  8    55.0000    45.0000    16    1     12   9  36  1 
  9    26.0000    59.0000    29    3     15  10  32  0      9   7  20  0      6   7  31  1 
 10    40.0000    66.0000    26   2     17  10  21  0     16   8  27  0 
 11    55.0000    65.0000    37   1     13   6  31  0 
 12    35.0000    51.0000    16   2      7  13  36  0     18   8  20  1 
 13    62.0000    35.0000    12   1     13  10  17  0 
 14    62.0000    57.0000    31   2      9  12  23  0     11   7  28  1 
 15    62.0000    24.0000     8   2     17  13  17  0      7  12  34  0 
 16    21.0000    36.0000    19   3     17   8  29  0     17   6  28  0     10   7  17  0 
 17    33.0000    44.0000    20   3     11  13  27  0     16   6  29  0     11  12  12  1 
 18     9.0000    56.0000    13   3     11   5  22  0     17  14  19  1     15  11  25  1 
 19    62.0000    48.0000    15   2     14   6  30  0      9  11  15  0 
 20    66.0000    14.0000    22   3      9  14  35  0     15  15  16  0      7  11  33  0 
 21    44.0000    13.0000    28   3     10   8  24  0     16   5  21  0     14  11  30  1 
 22    26.0000    13.0000    12   2     16  15  28  0     10  12  23  0 
 23    11.0000    28.0000     6   3     11  13  30  0      9   7  28  0     11   6  16  0 
 24     7.0000    43.0000    27   1      7   8  29  0 
 25    17.0000    64.0000    14   2     14   5  16  0     16   7  17  1 
 26    41.0000    46.0000    18   1     13   5  25  1 
 27    55.0000    34.0000    17   2     11  11  18  0     12   7  14  0 
 28    35.0000    16.0000    29   1      9   7  16  0 
 29    52.0000    26.0000    13   2     17  12  14  1      9   7  29  1 
 30    43.0000    26.0000    22   1      8   9  14  0 
 31    31.0000    76.0000    25   1     13   5  19  0 
 32    22.0000    53.0000    28   3     14  15  31  0     18   9  22  0     16   5  26  0 
 33    26.0000    29.0000    27   2      7  10  13  0     16  12  24  1 
 34    50.0000    40.0000    19   2     13   7  35  0     11  11  20  0 
 35    55.0000    50.0000    10   2     10   6  14  0     14  13  20  1 
 36    54.0000    10.0000    12   1      8  12  33  0 
 37    60.0000    15.0000    14   2     13  10  17  0     16   8  28  1 
 38    47.0000    66.0000    24   1      6  10  19  0 
 39    30.0000    60.0000    16   2     14  12  24  0     10   9  20  0 
 40    30.0000    50.0000    33   2      9  12  27  0      8   7  16  0 
