  0   292.0000   495.0000     0    0 
  1   298.0000   427.0000   700    2      9  13  30  0     16   7  18  0 
  2   309.0000   445.0000   400    3     10  14  21  1     12   8  28  1     10   7  29  1 
  3   307.0000   464.0000   400    3     16  11  26  0     12  14  13  0      7   9  24  0 
  4   336.0000   475.0000  1200    3     10  11  29  0     11  14  18  0      8   8  34  0 
  5   320.0000   439.0000    40    2     15   7  19  0     10   7  26  0 
  6   321.0000   437.0000    80    3      9  14  17  0      6  15  30  1     12   7  14  1 
  7   322.0000   437.0000  2000    2     16  13  32  0      7   7  34  0 
  8   323.0000   433.0000   900    3     10  14  28  0     18  10  23  1     10  12  28  1 
  9   324.0000   433.0000   600    2     15  14  35  0     11  10  14  0 
 10   323.0000   429.0000   750   2     17  13  21  0      8  12  21  0 
 11   314.0000   435.0000  1500   3     16  12  35  0     16  11  14  0     11  12  21  1 
 12   311.0000   442.0000   150   2     11   7  14  0     16   5  27  1 
 13   304.0000   427.0000   250   3     11   9  28  0     17   5  15  0     14  12  18  1 
 14   293.0000   421.0000  1600   2     11  10  34  1     10   5  28  1 
 15   296.0000   418.0000   450   1     15   6  28  0 
 16   261.0000   384.0000   700   1     18  14  25  0 
 17   297.0000   410.0000   550   2      8  12  21  0      9   5  36  0 
 18   315.0000   407.0000   650   3     17   8  26  0     10  10  21  0      9   6  28  0 
 19   314.0000   406.0000   200   1      9   7  32  1 
 20   321.0000   391.0000   400   3      7  11  35  0     15  11  16  0     16   9  15  0 
 21   321.0000   398.0000   300   3     11  13  29  0      9  13  16  0      7   9  25  0 
 22   314.0000   394.0000  1300   2     10   6  22  0      7   6  24  0 
 23   313.0000   378.0000   700   3     18   8  16  0      9  11  12  0     17   9  20  1 
 24   304.0000   382.0000   750   3     18  10  21  0      8  11  17  0      7  13  27  1 
 25   295.0000   402.0000  1400   2     14  13  20  0      8  10  29  0 
 26   283.0000   406.0000  4000   3     14  11  30  0     13   6  28  0     10   5  17  0 
 27   279.0000   399.0000   600   1     14   9  35  1 
 28   271.0000   401.0000  1000   2     11  11  12  0     17  15  33  1 
 29   264.0000   414.0000   500   2     15  12  23  0      6  14  29  1 
 30   277.0000   439.0000  2500   1     18   6  23  0 
 31   290.0000   434.0000  1700   1     17  13  20  0 
 32   319.0000   433.0000  1100   3     16  11  18  0      7  13  32  0      6  11  16  0 
