  0   162.0000   354.0000     0    0 
  1   218.0000   382.0000   300    3     15  11  23  0      6   7  25  0     11  12  34  1 
  2   218.0000   358.0000  3100    2     12  11  28  0      9   7  15  0 
  3   201.0000   370.0000   125    2     18  13  13  0     17   5  34  0 
  4   214.0000   371.0000   100    1     13   6  16  0 
  5   224.0000   370.0000   200    3      7  13  34  0      8  10  33  0     15  15  18  1 
  6   210.0000   382.0000   150    3      7   6  26  0     13  12  29  1      8  12  21  1 
  7   104.0000   354.0000   150    2     17  15  30  0      7  12  30  1 
  8   126.0000   338.0000   450    2     11  15  30  0     18   9  23  0 
  9   119.0000   340.0000   300    3     17   6  32  0     12   8  29  0     12  11  34  1 
 10   129.0000   349.0000   100   3     17  10  26  0     16  10  16  0     12   8  23  0 
 11   126.0000   347.0000   950   2     17   8  24  1      9   6  22  1 
 12   125.0000   346.0000   125   3      8  10  34  0     14   8  24  0     11  10  19  0 
 13   116.0000   355.0000   150   1     17   8  34  0 
 14   126.0000   335.0000   150   2      8   9  34  0      6  10  21  0 
 15   125.0000   355.0000   550   2     13   9  21  0     11   9  17  0 
 16   119.0000   357.0000   150   1     14   9  24  1 
 17   115.0000   341.0000   100   2     13   8  30  0      9   5  34  0 
 18   153.0000   351.0000   150   3     13  15  31  0      9  13  33  0     17   6  32  0 
 19   175.0000   363.0000   400   1     17  11  18  0 
 20   180.0000   360.0000   300   3     14   7  25  0      6   6  30  0      9   8  34  1 
 21   159.0000   331.0000  1500   1     13   8  15  0 
 22   188.0000   357.0000   100   2     16  14  25  0     12  12  22  0 
 23   152.0000   349.0000   300   1     15   7  14  1 
 24   215.0000   389.0000   500   3     12  11  30  0     10  12  15  0      7   7  16  0 
 25   212.0000   394.0000   800   2     13   7  15  0     18  14  13  1 
 26   188.0000   393.0000   300   2      9  11  25  0     11   5  22  1 
 27   207.0000   406.0000   100   1     16  14  22  0 
 28   184.0000   410.0000   150   3     14  15  25  0     16   8  18  0      7  13  21  0 
 29   207.0000   392.0000  1000   3     15  15  18  0     11   7  28  0      8   9  26  0 
