  0    35.0000    35.0000     0    0 
  1    41.0000    49.0000    10    1     17  10  34  1 
  2    35.0000    17.0000     7    3     12  14  32  0     12  12  27  0     18   6  20  0 
  3    55.0000    45.0000    13    1     12  15  22  0 
  4    55.0000    20.0000    19    2     15  14  20  0     17  13  19  0 
  5    15.0000    30.0000    26    2     12  14  32  0     11  10  15  0 
  6    25.0000    30.0000     3    1     14   7  31  0 
  7    20.0000    50.0000     5    1     10   8  19  1 
  8    10.0000    43.0000     9    1      9  11  36  0 
  9    55.0000    60.0000    16    3      7  11  34  0     15  13  24  1      7   9  15  1 
 10    30.0000    60.0000    16   1      7   9  29  1 
 11    20.0000    65.0000    12   1     12  10  12  0 
 12    50.0000    35.0000    19   3      8  11  32  0     16  13  13  0     16  13  32  1 
 13    30.0000    25.0000    23   3     15  13  24  0     17  11  19  0     16   9  18  0 
 14    15.0000    10.0000    20   3     15   7  23  0      8  12  20  0     10   5  27  0 
 15    30.0000     5.0000     8   1      6  12  29  0 
 16    10.0000    20.0000    19   2     14  10  28  0     12  10  32  1 
 17     5.0000    30.0000     2   2      8  12  21  1     10   8  24  1 
 18    20.0000    40.0000    12   1     18  11  27  0 
 19    15.0000    60.0000    17   1     13   6  32  1 
 20    45.0000    65.0000     9   3     10  15  24  0      9  11  12  0      7  10  20  1 
 21    45.0000    20.0000    11   1      9  15  20  1 
 22    45.0000    10.0000    18   1      7  15  28  0 
 23    55.0000     5.0000    29   2      7  15  23  0      7   7  33  0 
 24    65.0000    35.0000     3   1     10  12  19  1 
 25    65.0000    20.0000     6   1     10   6  28  0 
 26    45.0000    30.0000    17   2      9  14  34  0     13   9  26  0 
 27    35.0000    40.0000    16   1      9   8  19  0 
 28    41.0000    37.0000    16   1     13  12  33  0 
 29    64.0000    42.0000     9   3      8   7  22  0     14  11  29  1     15   6  31  1 
 30    40.0000    60.0000    21   2     17  11  15  0     15   5  33  0 
 31    31.0000    52.0000    27   3      7  14  15  0      8   5  30  0      6  12  20  1 
 32    35.0000    69.0000    23   3     17  10  28  0     17  10  20  0     17  11  14  0 
 33    53.0000    52.0000    11   3     12  13  15  1      7   9  29  1      7   6  29  1 
 34    65.0000    55.0000    14   2     14  11  13  0      8   8  22  0 
 35    63.0000    65.0000     8   2     14  13  20  0      8   8  21  0 
 36     2.0000    60.0000     5   3      8   7  17  0      8  10  35  1     10   7  25  1 
 37    20.0000    20.0000     8   1     15  13  22  1 
 38     5.0000     5.0000    16   1     11   9  23  0 
 39    60.0000    12.0000    31   2     16  10  16  0     12  14  28  1 
 40    40.0000    25.0000     9   3      6  11  25  0      6   8  28  0     18   7  17  1 
 41    42.0000     7.0000     5   3     16  10  33  0     12  14  30  0      8  11  24  0 
 42    24.0000    12.0000     5   3     12  11  21  0      8  11  21  0     16   7  22  1 
 43    23.0000     3.0000     7   2     18  14  29  0     10  10  18  0 
 44    11.0000    14.0000    18   1     13  15  23  0 
 45     6.0000    38.0000    16   1     14   5  32  0 
 46     2.0000    48.0000     1   2     14  10  28  0     15   5  30  1 
 47     8.0000    56.0000    27   2     18   7  22  0     13  11  27  1 
 48    13.0000    52.0000    36   1      7  10  20  1 
 49     6.0000    68.0000    30   1      9  12  12  0 
 50    47.0000    47.0000    13   1     15  13  31  0 
 51    49.0000    58.0000    10   1     12  14  23  0 
 52    27.0000    43.0000     9   3     14   7  19  0      7  12  17  0     16   7  27  1 
 53    37.0000    31.0000    14   2      9  11  24  0      9  10  24  1 
 54    57.0000    29.0000    18   3     12  15  33  0     18   5  34  1     17  10  13  1 
 55    63.0000    23.0000     2   3     18  14  15  0      9  12  29  0     15   9  23  0 
 56    53.0000    12.0000     6   1      8   6  26  0 
 57    32.0000    12.0000     7   1     17  13  31  0 
 58    36.0000    26.0000    18   2     18  15  32  0     18  13  12  0 
 59    21.0000    24.0000    28   1      8   9  17  0 
 60    17.0000    34.0000     3   3     17  14  21  0     10  10  25  0     15  12  15  1 
 61    12.0000    24.0000    13   1     18  14  13  1 
 62    24.0000    58.0000    19   3      9  11  35  0     12  11  25  1      7   6  17  1 
 63    27.0000    69.0000    10   2     12  12  21  0      6  15  18  0 
 64    15.0000    77.0000     9   3      7  12  32  0     15  12  14  0     14   7  34  1 
 65    62.0000    77.0000    20   1      9   9  17  1 
 66    49.0000    73.0000    25   2     16   9  26  0     17  11  25  1 
 67    67.0000     5.0000    25   2     10  13  25  0     18   9  16  1 
 68    56.0000    39.0000    36   3     15   9  20  0      8  13  16  0     16  13  35  1 
 69    37.0000    47.0000     6   3      6  13  31  0     14   7  25  1     10  11  20  1 
 70    37.0000    56.0000     5   3     16   8  34  0     12  10  31  0     13   5  27  0 
 71    57.0000    68.0000    15   1     15   5  25  0 
 72    47.0000    16.0000    25   1      9  14  29  0 
 73    44.0000    17.0000     9   3     10  13  27  0     14  14  17  0      9  10  19  1 
 74    46.0000    13.0000     8   3      6  14  28  0      8   9  30  0     10  12  15  1 
 75    49.0000    11.0000    18   2     16  12  24  0     10  13  31  0 
 76    49.0000    42.0000    13   2     14  14  28  0      8  14  31  0 
 77    53.0000    43.0000    14   2     10  15  31  0     10   9  15  0 
 78    61.0000    52.0000     3   3     14  12  26  0     14  14  12  0      8  13  18  0 
 79    57.0000    48.0000    23   2     16   9  24  0     13   7  33  0 
 80    56.0000    37.0000     6   3     15  13  33  0     15  14  28  0     11  12  34  1 
 81    55.0000    54.0000    26   2     17   9  19  0      7  13  20  0 
 82    15.0000    47.0000    16   2     10  10  35  0     12  15  33  1 
 83    14.0000    37.0000    11   1      8  14  33  0 
 84    11.0000    31.0000     7   1     14   8  35  0 
 85    16.0000    22.0000    41   1     15  10  35  0 
 86     4.0000    18.0000    35   3     16  10  36  0     17  11  18  0     10   6  22  0 
 87    28.0000    18.0000    26   1      7  15  34  0 
 88    26.0000    52.0000     9   3     17   8  13  0      6  11  16  0      8   7  35  1 
 89    26.0000    35.0000    15   2     13  13  19  0     11   8  24  0 
 90    31.0000    67.0000     3   3     16  12  23  0     18   7  35  0     12   5  35  0 
 91    15.0000    19.0000     1   2      6  12  18  0     10  12  33  1 
 92    22.0000    22.0000     2   1      7  10  14  0 
 93    18.0000    24.0000    22   2     13  13  24  0     13   9  13  0 
 94    26.0000    27.0000    27   3      8   8  31  0      8   8  25  0      9  10  12  1 
 95    25.0000    24.0000    20   2     14   6  35  0      8  11  27  0 
 96    22.0000    27.0000    11   3     17  10  20  0     16  12  13  0      9  10  22  0 
 97    25.0000    21.0000    12   3     12   7  33  0     18   7  13  0     12   8  22  1 
 98    19.0000    21.0000    10   2     13   8  18  0      9  10  13  0 
 99    20.0000    26.0000     9   2     15   9  24  0     16   5  22  0 
100    18.0000    18.0000    17  3     10  11  33  0     10   6  34  0     17  12  28  1 
