  0     0.0000     0.0000     0    0 
  1   -12.0000    -6.0000  7063    3     10  11  23  0      9  10  24  0     12   5  29  0 
  2   -15.0000    -5.0000    51    2     12  13  12  0     11   5  30  0 
  3    -1.0000   -18.0000    23    1     13   6  16  0 
  4     2.0000   -21.0000  3074    1     10   9  31  0 
  5    -1.0000   -17.0000   349    2     14  13  33  0     12  13  28  0 
  6    -9.0000   -12.0000  1047    3      9   6  23  0     16  10  32  1     12  13  17  1 
  7     2.0000   -22.0000   698    1     12  13  26  0 
  8     1.0000   -21.0000  3001    1     12  13  32  0 
  9     7.0000   -25.0000    31    1     16  12  36  0 
 10    -7.0000   -17.0000  1135   2     16  11  20  1     15   5  34  1 
 11   -11.0000    -5.0000 21611   1      9   7  21  1 
 12   -14.0000    -9.0000    57   3     12  14  21  0     13   9  23  1     12   6  18  1 
 13   -14.0000    -8.0000    51   1      7  11  13  0 
 14   -11.0000    -2.0000   551   3     13  11  35  0     18   7  26  0      8  12  33  1 
 15   -14.0000    -5.0000   179   1      9  13  31  0 
 16   -15.0000    -9.0000     6   2     10  10  28  0     14   7  18  0 
 17   -15.0000    -8.0000   528   3     16   8  20  0      7  13  17  0     14  13  32  1 
 18    -9.0000    -6.0000  2832   2     17  10  22  1     13  14  12  1 
 19   -14.0000    -4.0000  1514   1     14   7  32  1 
 20     3.0000     6.0000   889   2     16  13  13  1     11  10  19  1 
 21     5.0000     9.0000  2554   1      8  13  24  0 
 22     5.0000    10.0000  1215   3     15   9  27  0      8  11  27  0      6   5  32  1 
 23     2.0000     8.0000  1810   3     11  10  23  0      6   6  16  0     13  15  25  1 
 24     1.0000     9.0000  3050   2     13  15  16  0     15   7  25  0 
 25     1.0000    10.0000     4   1     11  14  22  1 
 26     2.0000     9.0000  1563   3     17  14  35  0     16   8  26  0     17   8  23  0 
 27     6.0000    14.0000   741   3     17  12  15  0      7   8  17  0      9   5  13  0 
 28     5.0000    12.0000  1532   3      8  14  18  0     15   8  30  1      8  15  17  1 
 29     3.0000     7.0000   709   3     17   7  31  0      9   9  22  0      7   9  21  0 
 30     4.0000     8.0000  1022   3      6  11  26  0      8   6  23  0     14   6  29  1 
 31    -6.0000     1.0000   883   3     10   7  35  0     18  12  20  1      7   7  25  1 
 32    -6.0000     2.0000  1689   3     10  12  22  0     13   6  20  0     10   6  22  0 
 33    -8.0000    -2.0000 10235   3     11  13  25  0     12   6  27  0      9  11  25  1 
 34    -7.0000     2.0000    29   3     16   8  27  0      9   9  32  0     17   6  16  0 
 35    -7.0000    -3.0000  2894   3     15  13  24  0     13  12  26  0     16  13  19  0 
 36    -7.0000    -2.0000   450   2      9  13  23  0     16   5  23  0 
 37   -20.0000    12.0000   411   3     11  15  32  0     13  12  33  0      9  10  14  0 
 38   -20.0000    13.0000   207   1     16  12  27  0 
 39   -12.0000    10.0000   496   3     17  10  20  0     15  13  17  0     15   7  24  0 
 40   -20.0000    15.0000  1021   3     18  10  33  0     16   6  31  0      6   6  26  0 
 41    -6.0000     8.0000   117   2     17  15  17  0     17  13  17  0 
 42     2.0000    21.0000    46   3      8  12  15  0      7   7  15  0     18   8  14  1 
 43     2.0000    22.0000     8   1     12  10  35  1 
 44     1.0000    21.0000    18   1     16   6  28  0 
 45    -1.0000    24.0000   561   3     14  15  28  0     16  12  30  0     13  15  17  0 
 46     1.0000    22.0000  1877   2      7  13  31  0     13   5  23  0 
 47    -2.0000    20.0000  3542   1      9  12  18  1 
 48    -2.0000    21.0000   801   3     11   7  31  0      7   7  20  0     14   7  31  1 
 49    -4.0000    18.0000   967   1      8   8  15  0 
 50    -4.0000    19.0000    62   3     16  12  17  0     15   5  26  0     12   9  15  0 
 51    -5.0000    18.0000  1366   2     18   9  25  0      9  11  12  0 
 52    -5.0000    26.0000   230   3      9   7  15  0     16   8  32  1     10   9  26  1 
 53     1.0000    23.0000     4   2     15  13  27  0      8  12  27  0 
 54    -6.0000     5.0000    12   1      6   7  14  0 
 55    -6.0000     6.0000   145   3     18  12  30  0     17  11  19  0     11   5  14  1 
 56    -9.0000     6.0000  7149   3     16  13  28  0     15  15  29  1     13   8  30  1 
 57    -9.0000     7.0000  2250   2     13   9  13  0     18  10  33  1 
 58   -12.0000     5.0000   383   1     10   6  24  0 
 59   -12.0000     6.0000   134   1     10   8  14  0 
 60   -11.0000     3.0000  1947   1     16   8  24  1 
 61   -11.0000     4.0000   182   1      6  12  31  0 
 62   -14.0000     4.0000  3934   3     16   6  33  0     14  15  29  1     14  12  30  1 
 63   -14.0000     5.0000   468   2     17  10  36  0     10  15  19  0 
 64   -15.0000     4.0000    18   2     12  12  17  0     16   5  16  1 
 65   -15.0000     5.0000   133   3     16  14  20  0     10   5  22  0      7   5  15  0 
 66   -16.0000     7.0000  2340   1      8   5  31  0 
 67   -16.0000     8.0000   754   2     15  13  34  0     11   6  16  0 
 68   -15.0000    10.0000  1264   1     10  13  16  0 
 69   -20.0000    10.0000   806   1      9  15  28  1 
 70    -5.0000    19.0000  3665   2     15  12  21  0     13  12  34  1 
 71    -9.0000   -11.0000  2452   2     15   7  32  0     13   7  23  1 
