  0   162.0000   354.0000     0    0 
  1   218.0000   382.0000   300    1     16  11  28  0 
  2   218.0000   358.0000  3100    2     17   7  35  0     17   8  27  0 
  3   201.0000   370.0000   125    1     13  10  31  0 
  4   214.0000   371.0000   100    1      7  10  26  0 
  5   224.0000   370.0000   200    2     10  14  32  0     11  15  24  0 
  6   210.0000   382.0000   150    3     10  10  31  0      8  10  26  1      9   5  23  1 
  7   104.0000   354.0000   150    1     12   7  21  0 
  8   126.0000   338.0000   450    3     14   8  24  0      7  10  30  0     11   7  19  0 
  9   119.0000   340.0000   300    2      7  10  14  0      9   7  13  1 
 10   129.0000   349.0000   100   2      7  11  27  0     16   9  17  1 
 11   126.0000   347.0000   950   3      9  10  34  0     11   5  18  0     14   8  25  1 
 12   125.0000   346.0000   125   3     18  14  34  0     11  14  23  0     14   9  29  1 
 13   116.0000   355.0000   150   2     16  13  27  0     15   9  17  0 
 14   126.0000   335.0000   150   1     16   9  14  0 
 15   125.0000   355.0000   550   2     10  11  33  0     12  12  20  1 
 16   119.0000   357.0000   150   2     14  13  34  0      7   7  21  0 
 17   115.0000   341.0000   100   3      8  13  25  0      9   9  30  0     15  13  35  1 
 18   153.0000   351.0000   150   2     16  14  34  0     16  13  16  0 
 19   175.0000   363.0000   400   3      8  11  35  0     14  14  14  1      8   9  18  1 
 20   180.0000   360.0000   300   1     13   7  28  0 
 21   159.0000   331.0000  1500   1     13   7  24  0 
 22   188.0000   357.0000   100   3     18  10  35  0      6  12  34  0     14   6  27  0 
 23   152.0000   349.0000   300   2     14  10  12  0      9  12  21  1 
 24   215.0000   389.0000   500   2      9   8  20  0     14  11  19  1 
 25   212.0000   394.0000   800   1     17   9  36  0 
 26   188.0000   393.0000   300   1     15   9  34  0 
 27   207.0000   406.0000   100   3      7  14  28  0     10   7  21  0      8  10  16  0 
 28   184.0000   410.0000   150   2     13   5  28  0     10   6  21  0 
 29   207.0000   392.0000  1000   3     11  12  26  0      9   9  30  0     10   7  29  0 
