0    30.0000    40.0000     0	0	
1    42.0000    41.0000    19	1	1 12   6  24
2    31.0000    32.0000    29	1	2 9  14  16
3     5.0000    25.0000    23	1	3 16   7  12
4    12.0000    42.0000    21	1	4 13   5  24
5    36.0000    16.0000    10	3	5 8  15  22			6  16   5  23		7 16  13  21
6    52.0000    41.0000    15	2	8 13   6  27		9  6   15  27
7    27.0000    23.0000     3	1	10 13   6  26
8    17.0000    33.0000    41	3	11 16  13  31		12 13   7  22		13 12   6  26
9    13.0000    13.0000     9	3	14 14   6  25     	15 12   9  15      	16 9   5  26
10    57.0000    58.0000    28	3	17 14  13  33     	18 10   8  27      	19 8  12  16
11    62.0000    42.0000     8	3	20 15  11  27     	21 11   6  25     	22 10   8  20
12    42.0000    57.0000     8	1	23 12  13  13
13    16.0000    57.0000    16	2	24 17  14  28     	25 16   6  15
14     8.0000    52.0000    10	2	26 11  10  22     	27 14  10  33
15     7.0000    38.0000    28	1	28 11  15  29
16    27.0000    68.0000     7	3	29 18  12  29     	30 16   8  20      	31 7  12  19
17    30.0000    48.0000    15	1	32 9  12  29
18    43.0000    67.0000    14	3	33 17   9  16     	34 14   6  24      	35 9   7  19
19    58.0000    48.0000     6	1	36 12  14  19
20    58.0000    27.0000    19	1	37 16   8  14